-1.5103;123.27;0.9384;6.783e-06
-1.0753;137.32;0.94;6.8311e-06
-0.11071;103.92;0.9416;6.8792e-06
0.36421;102.97;0.94319;6.9273e-06
0.32742;100.24;0.94479;6.9754e-06
0.098903;85.882;0.94639;7.0235e-06
0.72775;82.438;0.94798;7.0716e-06
0.69853;84.733;0.94958;7.1197e-06
0.27478;88.465;0.95118;7.1678e-06
0.22788;91.842;0.95277;7.2159e-06
0.38698;94.176;0.95437;7.264e-06
0.49445;102.47;0.95597;7.3121e-06
-0.028969;108.35;0.95756;7.3602e-06
-0.30683;119.4;0.95916;7.4083e-06
-0.1795;152.55;0.96076;7.4564e-06
-0.032272;153.66;0.96157;7.4693e-06
0.031485;142.85;0.9616;7.4469e-06
0.11621;147.03;0.96164;7.4246e-06
0.25466;143.46;0.96167;7.4023e-06
0.39564;143.66;0.96171;7.3799e-06
0.52164;148.42;0.96174;7.3576e-06
0.35731;134.52;0.96177;7.3353e-06
-0.15877;114.93;0.96181;7.313e-06
-0.62044;127.91;0.96184;7.2906e-06
-0.13959;128.99;0.96188;7.2683e-06
-0.17929;131.05;0.96191;7.246e-06
-0.15846;142.97;0.96194;7.2236e-06
0.23486;132.07;0.96198;7.2013e-06
0.26978;96.227;0.96201;7.179e-06
0.26626;116.84;0.96205;7.1566e-06
0.24641;114.61;0.96208;7.1343e-06
0.035936;128.16;0.96212;7.112e-06
-0.070829;133.76;0.96215;7.0897e-06
-0.15956;111.12;0.96218;7.0673e-06
-0.15035;114.22;0.96222;7.045e-06
-0.038258;119.82;0.96225;7.0227e-06
-0.047865;97.687;0.96229;7.0003e-06
-0.048515;117.86;0.96232;6.978e-06
-0.11707;125.62;0.96235;6.9557e-06
-0.11357;141.2;0.96239;6.9334e-06
-0.12175;152.28;0.96242;6.911e-06
-0.1859;156.83;0.96246;6.8887e-06
-0.13323;153.49;0.96249;6.8664e-06
-0.11445;161.22;0.96252;6.844e-06
-0.065125;157.61;0.96256;6.8217e-06
-0.03043;153.07;0.95995;6.7623e-06
-0.059997;145.58;0.95471;6.6659e-06
-0.11526;163.18;0.94947;6.5695e-06
-0.1291;160.2;0.94423;6.4731e-06
-0.10593;153.01;0.93898;6.3768e-06
-0.076671;147.72;0.93374;6.2804e-06
-0.057462;151.71;0.9285;6.184e-06
-0.07981;151.16;0.92326;6.0876e-06
-0.14515;141.91;0.91802;5.9912e-06
-0.12047;164.86;0.91278;5.8948e-06
-0.10565;152.71;0.90753;5.7984e-06
-0.11057;147.26;0.90229;5.702e-06
-0.08555;144.39;0.89705;5.6056e-06
-0.08556;138.38;0.89181;5.5092e-06
-0.15586;138.87;0.88657;5.4129e-06
-0.18133;133.97;0.88132;5.3165e-06
-0.14148;126.82;0.87608;5.2201e-06
-0.10012;139.64;0.87084;5.1237e-06
-0.21602;142.41;0.8656;5.0273e-06
-0.23128;119.57;0.86036;4.9309e-06
-0.18287;115.72;0.85511;4.8345e-06
-0.14614;119.56;0.84987;4.7381e-06
-0.09304;127.1;0.84463;4.6417e-06
0.022852;151.46;0.83939;4.5453e-06
0.09347;158.85;0.83415;4.4489e-06
0.054416;149.06;0.8289;4.3526e-06
0.036279;143.42;0.82366;4.2562e-06
0.078666;127.34;0.81842;4.1598e-06
0.18628;137.03;0.81318;4.0634e-06
0.18107;162.78;0.80794;3.967e-06
0.18943;182.51;0.8012;3.866e-06
0.18919;194.4;0.79296;3.7603e-06
0.10432;185.75;0.78473;3.6547e-06
-0.0037651;175.2;0.7765;3.5491e-06
-0.092821;175.81;0.76826;3.4434e-06
-0.26772;174.77;0.76003;3.3378e-06
-0.38187;147.05;0.75179;3.2322e-06
-0.32325;177.17;0.74356;3.1265e-06
-0.20826;185.93;0.73533;3.0209e-06
-0.10433;189.67;0.72709;2.9152e-06
-0.011712;161.35;0.71886;2.8096e-06
0.096299;156.15;0.71063;2.704e-06
0.057547;150.01;0.70239;2.5983e-06
-0.0074509;165.26;0.69416;2.4927e-06
0.035253;179.93;0.68592;2.3871e-06
0.077545;166.06;0.67769;2.2814e-06
0.20058;152.24;0.66946;2.1758e-06
0.0068492;147.68;0.66122;2.0701e-06
0.096372;183.66;0.65299;1.9645e-06
0.18551;206.65;0.64475;1.8589e-06
0.27566;205.09;0.63652;1.7532e-06
0.2119;182.38;0.62829;1.6476e-06
0.17573;185;0.62005;1.542e-06
0.11009;181.55;0.61182;1.4363e-06
0.23729;183.28;0.60359;1.3307e-06
0.26092;174.76;0.59535;1.225e-06
0.16799;167.76;0.58712;1.1194e-06
0.082942;167.98;0.57888;1.0138e-06
-0.013623;167.26;0.57065;9.0814e-07
0.094907;179.43;0.56242;8.025e-07
0.041103;178.42;0.55608;7.3072e-07
-0.041669;176.07;0.55165;6.9274e-07
0.04769;193.87;0.54721;6.5476e-07
0.013082;212.37;0.54278;6.1678e-07
0.0074594;215.95;0.53834;5.788e-07
0.025929;193.72;0.5339;5.4082e-07
0.019731;202.1;0.52947;5.0285e-07
-0.034098;205.91;0.52503;4.6487e-07
0.11856;201.01;0.5206;4.2689e-07
0.11305;172.16;0.51616;3.8891e-07
0.12587;173.99;0.51173;3.5093e-07
0.072404;177.9;0.50729;3.1295e-07
0.016077;162.5;0.50285;2.7497e-07
0.045207;128.08;0.49842;2.37e-07
0.14308;124.49;0.49398;1.9902e-07
0.12499;113.8;0.48955;1.6104e-07
0.19689;118.97;0.48511;1.2306e-07
0.26493;113.17;0.48068;8.5086e-08
0.26582;122.5;0.47624;4.7107e-08
0.26834;121.12;0.4718;9.1283e-09
0.22696;122.79;0.46737;-2.885e-08
0.21739;142.96;0.46293;-6.6829e-08
0.1391;149.35;0.4585;-1.0481e-07
0.046026;142.63;0.45406;-1.4279e-07
-0.013847;142.89;0.44963;-1.8076e-07
-0.022122;137.73;0.44519;-2.1874e-07
0.017657;151.66;0.44075;-2.5672e-07
0.011243;168.21;0.43632;-2.947e-07
0.061161;165.99;0.43188;-3.3268e-07
0.0065675;160.86;0.42745;-3.7066e-07
-0.021032;150.8;0.42736;-3.6489e-07
0.05816;166.38;0.43161;-3.1542e-07
0.086962;171.1;0.43587;-2.6595e-07
0.087904;146.69;0.44012;-2.1648e-07
0.093921;135.4;0.44438;-1.6701e-07
0.13311;134.01;0.44863;-1.1754e-07
0.1707;129.02;0.45289;-6.8072e-08
0.13967;125.42;0.45715;-1.8603e-08
0.032528;119.17;0.4614;3.0867e-08
-0.037748;131.54;0.46566;8.0337e-08
-0.03447;119.86;0.46991;1.2981e-07
0.019891;126.21;0.47417;1.7928e-07
0.17488;152.9;0.47842;2.2875e-07
0.17015;134.54;0.48268;2.7822e-07
0.15245;139.58;0.48693;3.2769e-07
0.039426;105.59;0.49119;3.7716e-07
-0.072343;96.255;0.49544;4.2663e-07
-0.071706;100.75;0.4997;4.761e-07
0.024565;116.31;0.50395;5.2557e-07
0.06237;130.05;0.50821;5.7504e-07
0.01524;125.57;0.51246;6.2451e-07
0.012936;124.53;0.51672;6.7398e-07
0.04017;108.38;0.52097;7.2345e-07
0.035574;127.04;0.52523;7.7292e-07
0.052836;148.92;0.52948;8.2239e-07
0.067743;143.3;0.53374;8.7186e-07
0.10986;135.62;0.53799;9.2133e-07
0.15273;154.37;0.54225;9.708e-07
0.15114;153.15;0.5465;1.0203e-06
0.16642;152.2;0.55076;1.0697e-06
0.11593;161.36;0.55835;1.1368e-06
0.056396;159.62;0.56928;1.2215e-06
-0.0056978;148.34;0.58021;1.3062e-06
0.052003;166.61;0.59113;1.3909e-06
0.05517;168.19;0.60206;1.4755e-06
-0.0032493;139.36;0.61299;1.5602e-06
-0.021645;133.7;0.62391;1.6449e-06
-0.02602;123.61;0.63484;1.7296e-06
0.0017381;117.42;0.64577;1.8142e-06
0.0090361;122.75;0.65669;1.8989e-06
0.0024365;125.08;0.66762;1.9836e-06
0.0099663;116.64;0.67854;2.0683e-06
0.024969;133.85;0.68947;2.1529e-06
0.050181;124.63;0.7004;2.2376e-06
0.053651;139.52;0.71132;2.3223e-06
0.055696;142.12;0.72225;2.407e-06
0.013324;168.92;0.73318;2.4916e-06
-0.0061808;155.17;0.7441;2.5763e-06
0.0062831;143.25;0.75503;2.661e-06
0.060564;135.15;0.76596;2.7457e-06
0.030165;136.15;0.77688;2.8304e-06
-0.034465;136.48;0.78781;2.915e-06
0.0032593;157.47;0.79874;2.9997e-06
0.044644;152.88;0.80966;3.0844e-06
0.034517;154.46;0.82059;3.1691e-06
0.029246;146.92;0.83152;3.2537e-06
-0.010945;152.82;0.84244;3.3384e-06
0.025194;150.49;0.85337;3.4231e-06
0.017017;147.66;0.8643;3.5078e-06
0.015281;177.64;0.87522;3.5924e-06
0.014888;162.35;0.88573;3.6591e-06
-0.023962;160.52;0.89581;3.7077e-06
-0.086131;183.98;0.9059;3.7563e-06
-0.019587;165.35;0.91599;3.8049e-06
-0.05592;162.01;0.92607;3.8534e-06
-0.097049;159.79;0.93616;3.902e-06
-0.17029;165.74;0.94625;3.9506e-06
-0.087421;185.59;0.95633;3.9992e-06
-0.1407;200.85;0.96642;4.0478e-06
-0.13923;219.5;0.9765;4.0964e-06
-0.14013;239.4;0.98659;4.145e-06
-0.08092;230.08;0.99668;4.1936e-06
-0.015674;186.38;1.0068;4.2422e-06
0.019787;165.16;1.0168;4.2908e-06
0.020453;198.47;1.0269;4.3394e-06
-0.018167;196.14;1.037;4.388e-06
-0.016636;203.87;1.0471;4.4366e-06
0.025317;208.64;1.0572;4.4852e-06
-0.027285;229.02;1.0673;4.5338e-06
-0.10401;215.31;1.0774;4.5824e-06
-0.0051823;229.66;1.0875;4.631e-06
0.098298;213.85;1.0975;4.6795e-06
0.1318;214.91;1.1076;4.7281e-06
0.10875;209.28;1.1177;4.7767e-06
0.13932;206.9;1.1278;4.8253e-06
0.16761;212.64;1.1379;4.8739e-06
0.14781;194.06;1.148;4.9225e-06
0.09987;198.79;1.1581;4.9711e-06
0.034473;212.03;1.1681;5.0197e-06
-0.032478;207.2;1.1782;5.0683e-06
-0.045809;177.34;1.1847;5.0875e-06
0.033674;172.36;1.1875;5.0774e-06
0.015096;161.2;1.1904;5.0673e-06
0.0056559;161.93;1.1932;5.0572e-06
0.0038474;188.75;1.196;5.047e-06
-0.00023831;224.42;1.1989;5.0369e-06
0.033349;228.26;1.2017;5.0268e-06
0.018234;228.98;1.2046;5.0167e-06
0.10897;198.54;1.2074;5.0065e-06
0.094427;220.46;1.2102;4.9964e-06
0.11191;205.7;1.2131;4.9863e-06
0.13434;195.45;1.2159;4.9762e-06
0.15229;203.86;1.2188;4.9661e-06
0.12184;207.7;1.2216;4.9559e-06
0.10721;201.99;1.2244;4.9458e-06
0.070208;197.84;1.2273;4.9357e-06
0.052304;214.75;1.2301;4.9256e-06
0.067811;211.7;1.233;4.9154e-06
0.10067;181.24;1.2358;4.9053e-06
0.031081;182.97;1.2386;4.8952e-06
0.046447;169.97;1.2415;4.8851e-06
0.069499;153.78;1.2443;4.875e-06
0.1977;164.3;1.2472;4.8648e-06
0.22498;182.41;1.25;4.8547e-06
0.16301;182.37;1.2528;4.8446e-06
0.17313;207.11;1.2557;4.8345e-06
0.21152;216.54;1.2585;4.8243e-06
0.12494;207.15;1.2613;4.8142e-06
0.061069;202.92;1.2642;4.8041e-06
0.064822;185.53;1.267;4.794e-06
0.10403;192.12;1.2663;4.7753e-06
0.11022;188.96;1.262;4.7482e-06
0.11894;187.69;1.2577;4.7211e-06
0.13414;193.59;1.2534;4.6939e-06
0.16162;209.44;1.2491;4.6668e-06
0.14559;212.97;1.2449;4.6396e-06
0.11568;203.31;1.2406;4.6125e-06
0.08672;213.96;1.2363;4.5854e-06
0.060589;220.78;1.232;4.5582e-06
0.06931;213.26;1.2277;4.5311e-06
0.055673;228.39;1.2234;4.5039e-06
0.063203;219.55;1.2191;4.4768e-06
0.038921;224.2;1.2148;4.4497e-06
0.0055971;229.76;1.2105;4.4225e-06
-0.037222;239.33;1.2062;4.3954e-06
-0.084086;242.2;1.202;4.3682e-06
-0.046959;233.24;1.1977;4.3411e-06
-0.0044886;240.67;1.1934;4.314e-06
-0.024621;251.34;1.1891;4.2868e-06
-0.073909;244.52;1.1848;4.2597e-06
-0.09254;239.82;1.1805;4.2325e-06
-0.12108;227.91;1.1762;4.2054e-06
-0.12795;229.36;1.1719;4.1783e-06
-0.088415;230.63;1.1676;4.1511e-06
-0.10146;228.11;1.1634;4.124e-06
-0.072499;222.84;1.1591;4.0968e-06
-0.099056;231.47;1.1548;4.0697e-06
-0.07035;236.62;1.1505;4.0426e-06
-0.093057;238.95;1.1462;4.0154e-06
-0.12132;244.98;1.1419;3.9883e-06
-0.086131;238.8;1.1369;3.9806e-06
-0.12586;245.16;1.1312;3.9923e-06
-0.21296;238;1.1256;4.004e-06
-0.15618;239;1.1199;4.0157e-06
-0.20402;248.38;1.1142;4.0274e-06
-0.20585;228.32;1.1085;4.0391e-06
-0.10464;209.22;1.1028;4.0509e-06
-0.075331;200.77;1.0971;4.0626e-06
-0.099345;206.09;1.0914;4.0743e-06
-0.2141;224.12;1.0858;4.086e-06
-0.30476;244.88;1.0801;4.0977e-06
-0.32127;232.59;1.0744;4.1094e-06
-0.35549;185.08;1.0687;4.1211e-06
-0.25977;201.93;1.063;4.1329e-06
-0.293;206.18;1.0573;4.1446e-06
-0.20833;186.06;1.0517;4.1563e-06
-0.083277;162.79;1.046;4.168e-06
-0.0083196;160.66;1.0403;4.1797e-06
0.034718;166.68;1.0346;4.1914e-06
0.044261;175.54;1.0289;4.2031e-06
-0.042738;178.86;1.0232;4.2149e-06
-0.16782;166.36;1.0175;4.2266e-06
-0.41022;196.53;1.0119;4.2383e-06
-0.62748;203.24;1.0062;4.25e-06
-0.67326;178.86;1.0005;4.2617e-06
-0.62976;175.5;0.99481;4.2734e-06
-0.55169;175.22;0.98912;4.2851e-06
-0.5195;145.48;0.98344;4.2968e-06
-0.35946;159.01;0.97775;4.3086e-06
-0.23117;151.57;0.97207;4.3203e-06
-0.22473;153.62;0.9683;4.3547e-06
-0.41171;114.48;0.96645;4.4117e-06
-0.54755;117.81;0.9646;4.4687e-06
-0.47146;172.74;0.96274;4.5258e-06
-0.43014;163.86;0.96089;4.5828e-06
-0.4083;177.62;0.95904;4.6399e-06
-0.40229;185.7;0.95719;4.6969e-06
-0.50365;160.39;0.95533;4.754e-06
-0.64408;150.07;0.95348;4.811e-06
-0.76273;112.21;0.95163;4.868e-06
-0.69596;150.58;0.94978;4.9251e-06
-0.62039;173.29;0.94792;4.9821e-06
-0.73901;174.53;0.94607;5.0392e-06
-0.68813;187.34;0.94422;5.0962e-06
-0.54234;173.71;0.94237;5.1533e-06
-0.42811;150.37;0.94051;5.2103e-06
-0.45605;139.87;0.93866;5.2673e-06
-0.47352;138.69;0.93681;5.3244e-06
-0.49701;134.06;0.93496;5.3814e-06
-0.57058;131.92;0.9331;5.4385e-06
-0.57774;132.41;0.93125;5.4955e-06
-0.57909;134.74;0.9294;5.5526e-06
-0.57933;152.8;0.92755;5.6096e-06
-0.54372;154.46;0.92569;5.6667e-06
-0.62288;161.01;0.92384;5.7237e-06
-0.72032;180.81;0.92199;5.7807e-06
-0.67645;194.57;0.92014;5.8378e-06
-0.67729;185.31;0.91829;5.8948e-06
-0.5894;179.45;0.91643;5.9519e-06
-0.43009;171.88;0.91458;6.0089e-06
-0.30487;175.11;0.91445;6.0615e-06
-0.27029;181.06;0.91605;6.1096e-06
-0.17244;179.7;0.91765;6.1577e-06
-0.28029;171;0.91924;6.2058e-06
-0.36595;187.53;0.92084;6.2539e-06
-0.42104;184.38;0.92244;6.302e-06
-0.56877;183.92;0.92403;6.3501e-06
-0.56569;162.8;0.92563;6.3982e-06
-0.5359;140.27;0.92723;6.4463e-06
-0.51109;149.51;0.92882;6.4944e-06
-0.53953;156.56;0.93042;6.5425e-06
-0.64361;159.1;0.93202;6.5906e-06
-0.64513;164.21;0.93361;6.6387e-06
-0.5925;157.03;0.93521;6.6868e-06
-0.57738;156.59;0.93681;6.7349e-06
-0.58111;160.74;0.9384;6.783e-06
-0.50484;158.07;0.94;6.8311e-06
-0.4313;156.58;0.9416;6.8792e-06
-0.44064;156.14;0.94319;6.9273e-06
-0.46134;146.42;0.94479;6.9754e-06
