0;0.24177;0.60863;0.91246
0.19435;0.32493;0.61053;0.9186
0.62536;0.12717;0.61243;0.92474
0.83756;0.12153;0.61433;0.93087
0.82112;0.10541;0.61623;0.93701
0.71902;0.020391;0.61814;0.94314
1;0;0.62004;0.94928
0.98695;0.013585;0.62194;0.95541
0.7976;0.035681;0.62384;0.96155
0.77665;0.055675;0.62574;0.96768
0.84773;0.069494;0.62764;0.97382
0.89576;0.11858;0.62954;0.97995
0.66188;0.15342;0.63145;0.98609
0.53773;0.21887;0.63335;0.99222
0.59462;0.4151;0.63525;0.99836
0.6604;0.42166;0.63622;1
0.68889;0.35766;0.63626;0.99715
0.72675;0.38244;0.6363;0.9943
0.78861;0.3613;0.63634;0.99146
0.8516;0.36249;0.63638;0.98861
0.90791;0.39064;0.63642;0.98576
0.83448;0.30838;0.63646;0.98291
0.60388;0.19237;0.6365;0.98006
0.39759;0.26925;0.63654;0.97721
0.61245;0.27565;0.63658;0.97437
0.59471;0.28782;0.63662;0.97152
0.60402;0.35838;0.63667;0.96867
0.77977;0.29387;0.63671;0.96582
0.79537;0.081639;0.63675;0.96297
0.7938;0.2037;0.63679;0.96013
0.78492;0.19046;0.63683;0.95728
0.69088;0.27071;0.63687;0.95443
0.64318;0.30386;0.63691;0.95158
0.60353;0.16981;0.63695;0.94873
0.60764;0.18817;0.63699;0.94588
0.65773;0.2213;0.63703;0.94304
0.65344;0.090287;0.63707;0.94019
0.65315;0.20971;0.63711;0.93734
0.62251;0.25568;0.63715;0.93449
0.62408;0.34791;0.63719;0.93164
0.62042;0.41351;0.63723;0.92879
0.59176;0.44046;0.63727;0.92595
0.61529;0.42065;0.63731;0.9231
0.62368;0.46646;0.63736;0.92025
0.64572;0.44504;0.6374;0.9174
0.66123;0.4182;0.63429;0.90983
0.64802;0.37387;0.62805;0.89753
0.62332;0.47806;0.62181;0.88524
0.61714;0.46039;0.61556;0.87294
0.62749;0.41782;0.60932;0.86065
0.64057;0.3865;0.60308;0.84835
0.64915;0.41012;0.59684;0.83606
0.63916;0.4069;0.59059;0.82376
0.60997;0.35211;0.58435;0.81147
0.621;0.48799;0.57811;0.79917
0.62762;0.41606;0.57186;0.78688
0.62542;0.38379;0.56562;0.77458
0.6366;0.36678;0.55938;0.76229
0.63659;0.33121;0.55314;0.74999
0.60518;0.33414;0.54689;0.7377
0.5938;0.30512;0.54065;0.72541
0.61161;0.26278;0.53441;0.71311
0.63009;0.33867;0.52816;0.70082
0.5783;0.35508;0.52192;0.68852
0.57148;0.21982;0.51568;0.67623
0.59311;0.19703;0.50944;0.66393
0.60953;0.21977;0.50319;0.65164
0.63325;0.26443;0.49695;0.63934
0.68503;0.40866;0.49071;0.62705
0.71659;0.45239;0.48446;0.61475
0.69914;0.39445;0.47822;0.60246
0.69103;0.36105;0.47198;0.59016
0.70997;0.26586;0.46574;0.57787
0.75806;0.32324;0.45949;0.56557
0.75573;0.47566;0.45325;0.55328
0.75947;0.59251;0.44522;0.54039
0.75936;0.66287;0.43542;0.52692
0.72144;0.61166;0.42561;0.51344
0.67314;0.5492;0.41581;0.49997
0.63335;0.55285;0.406;0.4865
0.5552;0.54669;0.39619;0.47302
0.5042;0.38252;0.38639;0.45955
0.53039;0.56085;0.37658;0.44607
0.58177;0.61277;0.36678;0.4326
0.62821;0.63491;0.35697;0.41912
0.66959;0.4672;0.34716;0.40565
0.71785;0.4364;0.33736;0.39218
0.70054;0.40006;0.32755;0.3787
0.67149;0.49038;0.31774;0.36523
0.69058;0.57724;0.30794;0.35175
0.70947;0.49508;0.29813;0.33828
0.76445;0.41328;0.28833;0.3248
0.67788;0.3863;0.27852;0.31133
0.71788;0.59928;0.26871;0.29786
0.75772;0.73544;0.25891;0.28438
0.798;0.72616;0.2491;0.27091
0.76951;0.59174;0.2393;0.25743
0.75334;0.60724;0.22949;0.24396
0.72401;0.58681;0.21968;0.23048
0.78085;0.59706;0.20988;0.21701
0.79141;0.5466;0.20007;0.20354
0.74988;0.50518;0.19027;0.19006
0.71188;0.50646;0.18046;0.17659
0.66874;0.50219;0.17065;0.16311
0.71723;0.57425;0.16085;0.14964
0.69319;0.56829;0.1533;0.14048
0.6562;0.55439;0.14802;0.13564
0.69613;0.65972;0.14274;0.13079
0.68067;0.76926;0.13746;0.12595
0.67816;0.79048;0.13217;0.12111
0.68641;0.65888;0.12689;0.11626
0.68364;0.70847;0.12161;0.11142
0.65959;0.73105;0.11633;0.10657
0.7278;0.70201;0.11104;0.10173
0.72534;0.5312;0.10576;0.096885
0.73107;0.54205;0.10048;0.09204
0.70718;0.56517;0.095194;0.087196
0.68201;0.47401;0.089911;0.082352
0.69502;0.2702;0.084629;0.077508
0.73876;0.24899;0.079346;0.072663
0.73067;0.18571;0.074064;0.06782
0.7628;0.21627;0.068781;0.062975
0.7932;0.18196;0.063498;0.058131
0.7936;0.23718;0.058215;0.053287
0.79472;0.22904;0.052933;0.048443
0.77623;0.23888;0.04765;0.043598
0.77196;0.35832;0.042367;0.038754
0.73698;0.39618;0.037084;0.03391
0.69539;0.3564;0.031802;0.029066
0.66864;0.35794;0.026519;0.024221
0.66494;0.32739;0.021236;0.019377
0.68271;0.40984;0.015953;0.014533
0.67985;0.50782;0.010671;0.0096885
0.70215;0.4947;0.0053879;0.0048443
0.67776;0.46434;0.00010511;0
0.66543;0.40477;0;0.00073544
0.70081;0.49697;0.0050677;0.0070455
0.71368;0.52491;0.010135;0.013355
0.7141;0.38039;0.015203;0.019665
0.71679;0.31359;0.020271;0.025975
0.7343;0.30533;0.025339;0.032285
0.7511;0.2758;0.030406;0.038595
0.73723;0.25449;0.035474;0.044905
0.68936;0.21747;0.040542;0.051215
0.65796;0.2907;0.04561;0.057525
0.65942;0.22154;0.050677;0.063835
0.68371;0.25915;0.055745;0.070145
0.75296;0.41717;0.060813;0.076455
0.75085;0.3085;0.065881;0.082765
0.74294;0.33833;0.070948;0.089075
0.69244;0.13705;0.076016;0.095385
0.6425;0.081804;0.081084;0.1017
0.64278;0.10843;0.086152;0.10801
0.6858;0.20055;0.09122;0.11432
0.70269;0.28187;0.096288;0.12063
0.68163;0.25538;0.10136;0.12694
0.6806;0.24919;0.10642;0.13325
0.69277;0.15357;0.11149;0.13956
0.69072;0.26407;0.11656;0.14587
0.69843;0.39362;0.12163;0.15218
0.70509;0.36035;0.12669;0.15849
0.72391;0.31487;0.13176;0.1648
0.74307;0.42586;0.13683;0.17111
0.74236;0.41864;0.1419;0.17742
0.74918;0.41306;0.14696;0.18373
0.72662;0.46729;0.15601;0.19228
0.70002;0.45698;0.16902;0.20308
0.67228;0.39019;0.18203;0.21388
0.69806;0.49835;0.19505;0.22468
0.69948;0.50774;0.20806;0.23549
0.67337;0.33703;0.22107;0.24629
0.66515;0.30353;0.23409;0.25709
0.6632;0.24378;0.2471;0.26789
0.6756;0.2071;0.26011;0.27869
0.67886;0.23867;0.27312;0.28949
0.67591;0.25249;0.28614;0.30029
0.67928;0.20252;0.29915;0.31109
0.68598;0.3044;0.31216;0.32189
0.69725;0.24979;0.32518;0.33269
0.6988;0.33794;0.33819;0.34349
0.69971;0.35336;0.3512;0.35429
0.68078;0.51202;0.36421;0.36509
0.67206;0.43065;0.37723;0.37589
0.67763;0.36002;0.39024;0.3867
0.70188;0.31206;0.40325;0.3975
0.6883;0.31802;0.41627;0.4083
0.65942;0.31995;0.42928;0.4191
0.67628;0.44423;0.44229;0.4299
0.69477;0.41708;0.4553;0.4407
0.69025;0.42641;0.46832;0.4515
0.68789;0.38177;0.48133;0.4623
0.66993;0.41668;0.49434;0.4731
0.68608;0.4029;0.50736;0.4839
0.68243;0.38617;0.52037;0.4947
0.68165;0.56364;0.53338;0.5055
0.68148;0.47314;0.54589;0.514
0.66412;0.46229;0.55791;0.5202
0.63634;0.60121;0.56992;0.5264
0.66607;0.49088;0.58193;0.5326
0.64984;0.47114;0.59394;0.53879
0.63146;0.45795;0.60596;0.54499
0.59873;0.49322;0.61797;0.55119
0.63576;0.61072;0.62998;0.55739
0.61196;0.70105;0.64199;0.56359
0.61261;0.81152;0.654;0.56979
0.61221;0.92933;0.66602;0.57598
0.63867;0.87417;0.67803;0.58218
0.66782;0.61543;0.69004;0.58838
0.68366;0.48975;0.70205;0.59458
0.68396;0.68698;0.71407;0.60078
0.66671;0.67319;0.72608;0.60698
0.66739;0.71895;0.73809;0.61317
0.68614;0.74719;0.7501;0.61937
0.66263;0.86784;0.76212;0.62557
0.62835;0.78671;0.77413;0.63177
0.67251;0.87164;0.78614;0.63797
0.71875;0.77807;0.79815;0.64417
0.73371;0.78432;0.81016;0.65036
0.72341;0.75099;0.82218;0.65656
0.73707;0.73689;0.83419;0.66276
0.74972;0.77087;0.8462;0.66896
0.74087;0.66087;0.85821;0.67516
0.71945;0.68889;0.87023;0.68136
0.69023;0.76729;0.88224;0.68755
0.66031;0.73866;0.89425;0.69375
0.65435;0.56187;0.90194;0.6962
0.68987;0.53242;0.90532;0.69491
0.68157;0.46635;0.90871;0.69362
0.67735;0.47067;0.91209;0.69233
0.67654;0.62944;0.91547;0.69104
0.67472;0.8406;0.91885;0.68975
0.68972;0.86336;0.92223;0.68846
0.68297;0.86765;0.92561;0.68717
0.72351;0.68742;0.92899;0.68587
0.71702;0.81717;0.93237;0.68458
0.72483;0.72977;0.93576;0.68329
0.73485;0.66911;0.93914;0.682
0.74287;0.71892;0.94252;0.68071
0.72926;0.74163;0.9459;0.67942
0.72273;0.7078;0.94928;0.67813
0.70619;0.68323;0.95266;0.67684
0.69819;0.78337;0.95604;0.67555
0.70512;0.76532;0.95942;0.67425
0.7198;0.58494;0.96281;0.67296
0.68871;0.59523;0.96619;0.67167
0.69558;0.51827;0.96957;0.67038
0.70588;0.4224;0.97295;0.66909
0.76316;0.48466;0.97633;0.6678
0.77535;0.59189;0.97971;0.66651
0.74766;0.59165;0.98309;0.66522
0.75218;0.73815;0.98647;0.66393
0.76933;0.79398;0.98986;0.66263
0.73065;0.73839;0.99324;0.66134
0.70211;0.71335;0.99662;0.66005
0.70379;0.61035;1;0.65876
0.72131;0.64941;0.99913;0.65638
0.72407;0.63065;0.99403;0.65292
0.72797;0.62318;0.98892;0.64946
0.73476;0.65807;0.98381;0.646
0.74704;0.75195;0.9787;0.64254
0.73988;0.77286;0.97359;0.63907
0.72651;0.71563;0.96848;0.63561
0.71357;0.77871;0.96338;0.63215
0.7019;0.81908;0.95827;0.62869
0.70579;0.77457;0.95316;0.62523
0.6997;0.86411;0.94805;0.62177
0.70306;0.81177;0.94294;0.6183
0.69221;0.83935;0.93783;0.61484
0.67732;0.87223;0.93273;0.61138
0.65819;0.92889;0.92762;0.60792
0.63725;0.9459;0.92251;0.60446
0.65384;0.89287;0.9174;0.601
0.67282;0.93685;0.91229;0.59753
0.66382;1;0.90718;0.59407
0.6418;0.95964;0.90208;0.59061
0.63347;0.93178;0.89697;0.58715
0.62072;0.8613;0.89186;0.58369
0.61765;0.86988;0.88675;0.58022
0.63532;0.87739;0.88164;0.57676
0.62949;0.8625;0.87653;0.5733
0.64243;0.83129;0.87143;0.56984
0.63056;0.88235;0.86632;0.56638
0.64339;0.91288;0.86121;0.56292
0.63324;0.92668;0.8561;0.55945
0.62061;0.96233;0.85099;0.55599
0.63634;0.92577;0.84505;0.55501
0.61858;0.96345;0.83828;0.5565
0.57967;0.92102;0.83151;0.558
0.60504;0.92695;0.82474;0.55949
0.58366;0.98246;0.81797;0.56099
0.58284;0.86374;0.8112;0.56248
0.62807;0.75063;0.80443;0.56397
0.64116;0.70063;0.79766;0.56547
0.63043;0.73213;0.79089;0.56696
0.57916;0.83883;0.78412;0.56846
0.53865;0.96177;0.77735;0.56995
0.53127;0.88899;0.77058;0.57145
0.51598;0.60769;0.76381;0.57294
0.55875;0.70747;0.75704;0.57443
0.5439;0.73263;0.75027;0.57593
0.58174;0.61353;0.7435;0.57742
0.63761;0.47572;0.73673;0.57892
0.67111;0.46311;0.72996;0.58041
0.69034;0.49876;0.72319;0.5819
0.6946;0.55122;0.71642;0.5834
0.65573;0.5709;0.70965;0.58489
0.59984;0.4969;0.70288;0.58639
0.49153;0.67552;0.69611;0.58788
0.39445;0.71524;0.68934;0.58937
0.37399;0.57089;0.68257;0.59087
0.39343;0.55099;0.6758;0.59236
0.42831;0.54932;0.66903;0.59386
0.4427;0.37322;0.66226;0.59535
0.51421;0.45337;0.65549;0.59685
0.57153;0.40929;0.64872;0.59834
0.57441;0.42143;0.64423;0.60273
0.49086;0.18969;0.64203;0.61
0.43016;0.20945;0.63982;0.61728
0.46417;0.53468;0.63762;0.62455
0.48262;0.48205;0.63541;0.63183
0.49238;0.56355;0.6332;0.63911
0.49507;0.61138;0.631;0.64638
0.44978;0.46152;0.62879;0.65366
0.38703;0.40043;0.62659;0.66093
0.33402;0.17627;0.62438;0.66821
0.36385;0.40345;0.62217;0.67549
0.39762;0.53789;0.61997;0.68276
0.34462;0.54526;0.61776;0.69004
0.36735;0.62109;0.61555;0.69731
0.43249;0.5404;0.61335;0.70459
0.48353;0.40219;0.61114;0.71186
0.47105;0.34003;0.60894;0.71914
0.46324;0.33305;0.60673;0.72642
0.45275;0.30563;0.60452;0.73369
0.41988;0.29296;0.60232;0.74097
0.41667;0.29586;0.60011;0.74825
0.41607;0.30967;0.59791;0.75552
0.41596;0.41659;0.5957;0.7628
0.43188;0.42642;0.59349;0.77007
0.3965;0.4652;0.59129;0.77735
0.35297;0.58241;0.58908;0.78462
0.37257;0.66391;0.58687;0.7919
0.37219;0.60908;0.58467;0.79918
0.41146;0.5744;0.58246;0.80645
0.48265;0.52957;0.58026;0.81373
0.5386;0.54866;0.58011;0.82043
0.55405;0.5839;0.58201;0.82657
0.59777;0.57583;0.58391;0.8327
0.54958;0.52433;0.58581;0.83884
0.51131;0.62222;0.58771;0.84498
0.48669;0.60358;0.58961;0.85111
0.42068;0.60085;0.59151;0.85725
0.42206;0.47579;0.59342;0.86338
0.43537;0.3424;0.59532;0.86952
0.44646;0.39714;0.59722;0.87565
0.43375;0.43885;0.59912;0.88179
0.38724;0.45391;0.60102;0.88792
0.38656;0.48415;0.60292;0.89406
0.41008;0.4416;0.60482;0.90019
0.41684;0.43903;0.60673;0.90633
0.41517;0.46361;0.60863;0.91246
0.44925;0.44777;0.61053;0.9186
0.48211;0.43898;0.61243;0.92474
0.47793;0.43636;0.61433;0.93087
0.46869;0.37882;0.61623;0.93701
