0.042559;0.99928;0.8509;0.049303;0.86154
0.033006;1;0.88008;0.045817;0.84264
0.024519;0.9997;0.90639;0.042509;0.82286
0.017167;0.99833;0.92968;0.039365;0.80225
0.011021;0.99587;0.94982;0.036371;0.7809
0.0061545;0.9923;0.9667;0.033517;0.75888
0.0026432;0.98761;0.98023;0.030791;0.73626
0.00056555;0.98177;0.99032;0.028187;0.71311
0;0.9748;0.99692;0.025695;0.68951
0.0010217;0.96668;1;0.02331;0.66554
0.0036987;0.95744;0.99953;0.021029;0.64128
0.0080869;0.94708;0.99552;0.018847;0.6168
0.014226;0.93563;0.98798;0.016764;0.59218
0.022137;0.92312;0.97697;0.014779;0.56749
0.031819;0.90958;0.96253;0.012895;0.54281
0.043249;0.89505;0.94476;0.011112;0.5182
0.056385;0.87957;0.92374;0.0094367;0.49375
0.071167;0.86319;0.89959;0.0078724;0.46952
0.087517;0.84597;0.87245;0.0064254;0.44559
0.10535;0.82796;0.84245;0.0051028;0.42201
0.12456;0.80923;0.80976;0.0039122;0.39885
0.14504;0.78984;0.77456;0.0028618;0.37618
0.16668;0.76985;0.73703;0.0019603;0.35405
0.18937;0.74935;0.69737;0.0012169;0.33253
0.21298;0.72839;0.65578;0.00064049;0.31167
0.23739;0.70705;0.61248;0.00023999;0.29153
0.26247;0.6854;0.5677;2.3887e-05;0.27216
0.28812;0.66351;0.52166;0;0.2536
0.31419;0.64146;0.47462;0.00017525;0.23591
0.34058;0.64716;0.42681;0.00055539;0.21913
0.36716;0.62669;0.37851;0.0011448;0.20331
0.39383;0.60626;0.32999;0.0019462;0.18848
0.42046;0.58592;0.28158;0.0029604;0.17468
0.44696;0.56572;0.23367;0.0041867;0.16194
0.47322;0.54573;0.18678;0.0056217;0.15031
0.49916;0.52598;0.14182;0.0072606;0.1398
0.52467;0.50652;0.10055;0.009096;0.13045
0.54968;0.48739;0.067362;0.011119;0.12228
0.57411;0.46862;0.052234;0.013318;0.11531
0.5979;0.45025;0.063522;0.015682;0.10955
0.62098;0.43229;0.092312;0.018195;0.10502
0.6433;0.41478;0.12767;0.020842;0.10173
0.66482;0.39772;0.16486;0.023608;0.099688
0.68549;0.38113;0.20203;0.026476;0.098889
0.7053;0.36501;0.23836;0.029427;0.099336
0.72422;0.34937;0.2734;0.032446;0.10102
0.74223;0.33421;0.30691;0.035514;0.10394
0.75934;0.31951;0.33872;0.038616;0.10808
0.77553;0.30528;0.36874;0.041735;0.11343
0.79083;0.29151;0.39689;0.044857;0.11996
0.80523;0.27817;0.42313;0.047968;0.12765
0.81877;0.26525;0.44744;0.051056;0.13648
0.83146;0.25273;0.46981;0.054108;0.14641
0.84333;0.24059;0.49027;0.057117;0.15742
0.85443;0.22882;0.50883;0.060074;0.16947
0.86478;0.21739;0.52554;0.062973;0.18252
0.87443;0.20628;0.54044;0.065808;0.19652
0.88341;0.19546;0.55358;0.068576;0.21144
0.89177;0.18492;0.56505;0.071275;0.22723
0.89956;0.17464;0.5749;0.073904;0.24384
0.90682;0.16461;0.58321;0.076462;0.26123
0.91359;0.15479;0.59007;0.078952;0.27933
0.91992;0.14519;0.59556;0.081375;0.2981
0.92584;0.13579;0.59977;0.083734;0.31748
0.93141;0.12658;0.60279;0.086033;0.33741
0.93666;0.11757;0.60471;0.088275;0.35784
0.94161;0.10874;0.60562;0.090465;0.37872
0.94631;0.1001;0.6056;0.092608;0.39998
0.95079;0.091653;0.60475;0.094709;0.42156
0.95506;0.083415;0.60316;0.096773;0.44341
0.95914;0.075395;0.60089;0.098805;0.46547
0.96306;0.067612;0.59803;0.10081;0.48767
0.96682;0.060086;0.59466;0.1028;0.50997
0.97043;0.052841;0.59084;0.10476;0.5323
0.9739;0.045905;0.58664;0.10672;0.5546
0.97721;0.039308;0.58211;0.10867;0.57683
0.98038;0.033085;0.57731;0.11061;0.59892
0.98337;0.02727;0.57229;0.11256;0.62083
0.9862;0.021903;0.56708;0.11451;0.64249
0.98882;0.017022;0.56173;0.11645;0.66387
0.99124;0.01267;0.55625;0.11841;0.68491
0.99341;0.0088885;0.55066;0.12036;0.70557
0.99533;0.0057194;0.54499;0.12232;0.7258
0.99695;0.0032051;0.53922;0.12428;0.74555
0.99826;0.0013871;0.53337;0.12623;0.76479
0.99923;0.00030587;0.52743;0.12816;0.78348
0.99982;0;0.52137;0.13008;0.80158
1;0.00050612;0.51518;0.13196;0.81906
0.99975;0.0018582;0.50883;0.1338;0.83588
0.99904;0.0040873;0.50228;0.13559;0.85201
0.99783;0.0072209;0.49549;0.13732;0.86742
0.99611;0.011283;0.48843;0.13896;0.8821
0.99385;0.016293;0.48104;0.14052;0.896
0.99103;0.022265;0.47327;0.14196;0.90912
0.98762;0.029212;0.46506;0.14327;0.92142
0.98362;0.037137;0.45636;0.14445;0.93288
0.979;0.046042;0.4471;0.14547;0.9435
0.97375;0.055922;0.43723;0.14632;0.95325
0.96787;0.066767;0.42668;0.14699;0.96211
0.96134;0.078562;0.4154;0.14746;0.97007
0.95417;0.091286;0.40333;0.14772;0.97712
0.94636;0.10491;0.39041;0.14778;0.98324
0.93791;0.11941;0.37659;0.14761;0.98843
0.92882;0.13475;0.36183;0.14722;0.99267
0.9191;0.15089;0.34607;0.1466;0.99596
0.90877;0.16778;0.3293;0.14576;0.99828
0.89783;0.18538;0.31146;0.1447;0.99963
0.88631;0.20362;0.29255;0.14342;1
0.87422;0.22247;0.27254;0.14194;0.99939
0.86158;0.24185;0.25143;0.14027;0.9978
0.8484;0.26172;0.22923;0.13843;0.99522
0.83472;0.282;0.20594;0.13644;0.99166
0.82056;0.30263;0.18159;0.13432;0.98711
0.80593;0.32354;0.15622;0.1321;0.98158
0.79087;0.34468;0.1299;0.1298;0.97507
0.7754;0.36598;0.10271;0.12748;0.96759
0.75954;0.38736;0.074804;0.12516;0.95915
0.74332;0.40878;0.04654;0.12288;0.94975
0.72677;0.43015;0.019089;0.12068;0.93942
0.70991;0.45143;0;0.11863;0.92815
0.69276;0.47256;0.01273;0.11676;0.91596
0.67536;0.49348;0.04094;0.11512;0.90288
0.65772;0.51413;0.071971;0.11378;0.88892
0.63988;0.53446;0.10395;0.11279;0.8741
0.62186;0.55444;0.13637;0.11221;0.85845
0.60369;0.57401;0.16895;0.1121;0.84198
0.58538;0.59314;0.20152;0.11252;0.82473
0.56699;0.61179;0.2339;0.11353;0.80673
0.54852;0.62993;0.26594;0.1152;0.788
0.53001;0.64752;0.29748;0.11758;0.76857
0.5115;0.66454;0.32837;0.12074;0.74849
0.49301;0.68096;0.35847;0.12473;0.72779
0.47459;0.69677;0.38762;0.1296;0.70651
0.45627;0.71194;0.41569;0.13542;0.68469
0.43808;0.72646;0.44253;0.14223;0.66237
0.42008;0.74031;0.46802;0.15008;0.6396
0.4023;0.75347;0.49202;0.15901;0.61643
0.3848;0.76594;0.51443;0.16905;0.59291
0.36761;0.77771;0.53512;0.18024;0.56909
0.35079;0.78876;0.55401;0.1926;0.54503
0.33438;0.78391;0.57101;0.20616;0.52078
0.31845;0.79431;0.58605;0.22092;0.49641
0.30304;0.80391;0.59906;0.2369;0.47197
0.28821;0.8127;0.61;0.25409;0.44752
0.27402;0.82069;0.61885;0.27248;0.42313
0.2605;0.82786;0.6256;0.29207;0.39886
0.24774;0.83422;0.63024;0.31283;0.37477
0.23576;0.83975;0.6328;0.33472;0.35093
0.22463;0.84447;0.63332;0.35772;0.32741
0.21441;0.84838;0.63187;0.38177;0.30426
0.20512;0.85147;0.62851;0.40683;0.28155
0.19683;0.85375;0.62335;0.43282;0.25935
0.18958;0.85523;0.6165;0.45969;0.2377
0.1834;0.85591;0.6081;0.48735;0.21668
0.17834;0.8558;0.5983;0.51573;0.19635
0.17442;0.85492;0.58726;0.54472;0.17675
0.17167;0.85327;0.57517;0.57424;0.15794
0.17012;0.85088;0.56225;0.60417;0.13998
0.16978;0.84774;0.5487;0.63442;0.12292
0.17066;0.84389;0.53476;0.66485;0.10679
0.17277;0.83933;0.52068;0.69537;0.091655
0.17611;0.83408;0.50671;0.72583;0.077546
0.18066;0.82817;0.4931;0.75613;0.064506
0.18642;0.82162;0.48013;0.78612;0.05257
0.19337;0.81443;0.46804;0.81569;0.041771
0.20148;0.80665;0.45707;0.8447;0.032138
0.21072;0.79828;0.44746;0.87302;0.023698
0.22105;0.78936;0.43938;0.90053;0.016471
0.23243;0.7799;0.43299;0.9271;0.010476
0.24482;0.76992;0.4284;0.95262;0.0057268
0.25816;0.75945;0.42565;0.97695;0.002233
0.2724;0.74852;0.42474;1;0
