0.077465;0.88573;0.50937;0.36026;0.0046953
0.047352;0.87141;0.4511;0.41129;0.0023401
0.019177;0.85663;0.39308;0.4618;0.00077485
0;0.84146;0.33551;0.51147;0
0.0059354;0.82594;0.2786;0.55999;1.4227e-05
0.031425;0.81011;0.22253;0.60707;0.00081413
0.062848;0.79401;0.16749;0.65244;0.0023943
0.096169;0.77768;0.11366;0.69583;0.004747
0.13022;0.76117;0.061293;0.737;0.0078627
0.16451;0.74451;0.011627;0.77573;0.011729
0.19877;0.72774;0.03063;0.81181;0.016332
0.23282;0.71089;0.077904;0.84508;0.021656
0.26652;0.69399;0.12369;0.87537;0.027679
0.29974;0.67708;0.16762;0.90255;0.034383
0.33238;0.66017;0.20957;0.92652;0.041741
0.36436;0.64331;0.24945;0.94718;0.049729
0.3956;0.62651;0.2872;0.96448;0.058317
0.42604;0.6327;0.32278;0.97838;0.067475
0.4556;0.61736;0.35616;0.98886;0.07717
0.48425;0.60213;0.38731;0.99594;0.087368
0.51193;0.58702;0.41623;0.99964;0.098033
0.53863;0.57205;0.44292;1;0.10913
0.5643;0.55722;0.4674;0.9971;0.12061
0.58892;0.54255;0.48969;0.99104;0.13246
0.61249;0.52804;0.50982;0.9819;0.14461
0.635;0.5137;0.52785;0.96982;0.15704
0.65643;0.49953;0.54383;0.95494;0.1697
0.67681;0.48554;0.5578;0.93741;0.18256
0.69612;0.47173;0.56986;0.91739;0.19557
0.7144;0.45811;0.58006;0.89507;0.2087
0.73164;0.44467;0.5885;0.87062;0.2219
0.74789;0.43142;0.59526;0.84426;0.23515
0.76315;0.41837;0.60043;0.81618;0.2484
0.77746;0.4055;0.60412;0.78659;0.26162
0.79085;0.39282;0.60641;0.7557;0.27478
0.80335;0.38034;0.60742;0.72373;0.28784
0.815;0.36805;0.60724;0.69091;0.30077
0.82584;0.35596;0.60599;0.65743;0.31354
0.8359;0.34406;0.60377;0.62353;0.32612
0.84523;0.33236;0.60069;0.58941;0.33848
0.85386;0.32085;0.59685;0.55527;0.35061
0.86184;0.30954;0.59235;0.52131;0.36247
0.8692;0.29843;0.58731;0.48774;0.37406
0.876;0.28752;0.58181;0.45472;0.38533
0.88226;0.27681;0.57596;0.42245;0.39629
0.88804;0.26629;0.56985;0.39107;0.40692
0.89337;0.25597;0.56356;0.36076;0.4172
0.89829;0.24584;0.55717;0.33164;0.42713
0.90283;0.23592;0.55077;0.30385;0.4367
0.90705;0.22619;0.54442;0.27751;0.44591
0.91095;0.21666;0.5382;0.25273;0.45476
0.9146;0.20733;0.53216;0.22959;0.46325
0.918;0.1982;0.52636;0.20817;0.47138
0.9212;0.18926;0.52084;0.18854;0.47917
0.92422;0.18052;0.51565;0.17075;0.48662
0.92708;0.17198;0.51082;0.15485;0.49375
0.92982;0.16364;0.50638;0.14086;0.50058
0.93244;0.15549;0.50235;0.12878;0.50712
0.93499;0.14755;0.49876;0.11864;0.51339
0.93746;0.13981;0.49561;0.1104;0.51941
0.93987;0.13226;0.49291;0.10405;0.52522
0.94225;0.12492;0.49066;0.099558;0.53083
0.94461;0.11777;0.48884;0.096874;0.53627
0.94694;0.11083;0.48745;0.095943;0.54156
0.94927;0.10409;0.48648;0.096699;0.54674
0.95159;0.097549;0.4859;0.099067;0.55183
0.95392;0.09121;0.48568;0.10296;0.55685
0.95626;0.085074;0.4858;0.10829;0.56185
0.9586;0.07914;0.48622;0.11496;0.56684
0.96095;0.073407;0.4869;0.12286;0.57185
0.96331;0.067878;0.48781;0.13188;0.57691
0.96566;0.062551;0.4889;0.1419;0.58204
0.96802;0.057428;0.49012;0.15281;0.58727
0.97036;0.05251;0.49144;0.16448;0.59263
0.97269;0.047797;0.49281;0.17679;0.59813
0.97499;0.043291;0.49417;0.1896;0.6038
0.97727;0.038994;0.49547;0.2028;0.60966
0.97949;0.034906;0.49668;0.21625;0.61572
0.98166;0.03103;0.49775;0.22984;0.62201
0.98377;0.027369;0.49862;0.24343;0.62853
0.9858;0.023924;0.49926;0.2569;0.6353
0.98773;0.020699;0.49963;0.27015;0.64233
0.98957;0.017695;0.49968;0.28305;0.64963
0.99129;0.014917;0.49938;0.29549;0.65719
0.99289;0.012368;0.49871;0.30736;0.66502
0.99435;0.010049;0.49762;0.31857;0.67312
0.99567;0.0079643;0.49609;0.32902;0.68149
0.99682;0.0061167;0.49411;0.33862;0.69011
0.99781;0.0045085;0.49165;0.34729;0.69898
0.99863;0.0031423;0.4887;0.35495;0.70808
0.99926;0.0020202;0.48526;0.36152;0.71739
0.9997;0.0011438;0.48131;0.36696;0.7269
0.99995;0.00051452;0.47686;0.37119;0.73658
1;0.00013315;0.47192;0.37418;0.74641
0.99985;0;0.46648;0.37589;0.75636
0.99949;0.00011483;0.46058;0.37628;0.7664
0.99892;0.00047676;0.45421;0.37534;0.77649
0.99816;0.0010843;0.44741;0.37305;0.78662
0.99718;0.0019352;0.4402;0.36941;0.79673
0.99601;0.0030266;0.43261;0.36442;0.80681
0.99465;0.0043548;0.42467;0.35812;0.81681
0.99309;0.0059155;0.41643;0.35052;0.82669
0.99135;0.0077035;0.40791;0.34166;0.83643
0.98944;0.0097129;0.39916;0.3316;0.84599
0.98736;0.011937;0.39023;0.32039;0.85533
0.98513;0.014368;0.38116;0.3081;0.86443
0.98275;0.016998;0.37201;0.29483;0.87324
0.98025;0.019819;0.36281;0.28065;0.88175
0.97763;0.022819;0.35362;0.26568;0.88991
0.97491;0.02599;0.34449;0.25003;0.89771
0.9721;0.029319;0.33546;0.23381;0.90512
0.96922;0.032795;0.3266;0.21716;0.91212
0.96628;0.036405;0.31793;0.2002;0.91869
0.96331;0.040136;0.30952;0.18309;0.9248
0.96032;0.043975;0.30141;0.16595;0.93046
0.95732;0.047907;0.29363;0.14895;0.93564
0.95433;0.051918;0.28622;0.13222;0.94033
0.95137;0.055991;0.27923;0.11591;0.94454
0.94845;0.060112;0.27269;0.10017;0.94826
0.94559;0.064265;0.26662;0.085144;0.95148
0.9428;0.068433;0.26105;0.070959;0.95422
0.94009;0.072599;0.25601;0.05775;0.95649
0.93749;0.076746;0.25151;0.045642;0.95829
0.93499;0.080859;0.24757;0.034748;0.95963
0.93262;0.084919;0.24421;0.025176;0.96055
0.93038;0.088909;0.24142;0.017019;0.96105
0.92827;0.092813;0.23922;0.010363;0.96116
0.92632;0.096614;0.23761;0.0052799;0.9609
0.92451;0.1003;0.23658;0.0018288;0.96031
0.92286;0.10385;0.23613;5.7354e-05;0.95942
0.92137;0.10724;0.23625;0;0.95825
0.92004;0.11048;0.23694;0.0016783;0.95684
0.91886;0.11354;0.23817;0.005101;0.95522
0.91784;0.11642;0.23993;0.010264;0.95344
0.91698;0.11909;0.2422;0.017152;0.95152
0.91625;0.12157;0.24495;0.025737;0.9495
0.91566;0.12384;0.24815;0.03598;0.94742
0.9152;0.12589;0.25176;0.04783;0.94531
0.91484;0.12773;0.25575;0.061229;0.94321
0.91459;0.12936;0.26008;0.076107;0.94114
0.91441;0.13078;0.2647;0.092387;0.93915
0.9143;0.132;0.26955;0.10998;0.93725
0.91422;0.13304;0.27458;0.12881;0.93548
0.91415;0.1339;0.27973;0.14876;0.93386
0.91407;0.13461;0.28494;0.16973;0.93242
0.91396;0.13518;0.29014;0.19163;0.93117
0.91377;0.13564;0.29526;0.21433;0.93014
0.91348;0.13602;0.30024;0.23773;0.92933
0.91305;0.13635;0.305;0.26172;0.92877
0.91245;0.13665;0.30946;0.28618;0.92847
0.91164;0.13697;0.31355;0.31099;0.92842
0.91059;0.13733;0.3172;0.33605;0.92865
0.90925;0.13779;0.32034;0.36123;0.92914
0.90759;0.13839;0.32288;0.38643;0.92991
0.90556;0.13915;0.32475;0.41153;0.93095
0.90313;0.14013;0.32589;0.43643;0.93225
0.90026;0.14137;0.32621;0.46101;0.9338
0.8969;0.14292;0.32566;0.48517;0.93561
0.89302;0.1448;0.32417;0.50881;0.93765
0.88858;0.14707;0.32166;0.53182;0.93991
0.88354;0.14977;0.3181;0.5541;0.94238
0.87787;0.15293;0.3134;0.57556;0.94504
0.87152;0.15659;0.30753;0.59611;0.94786
0.86448;0.16077;0.30042;0.61566;0.95084
0.8567;0.16552;0.29204;0.63412;0.95393
0.84816;0.17086;0.28235;0.65141;0.95713
0.83883;0.1768;0.27129;0.66745;0.9604
0.82869;0.18338;0.25885;0.68219;0.96372
0.81771;0.19061;0.245;0.69555;0.96707
0.80588;0.1985;0.2297;0.70749;0.9704
0.79318;0.20705;0.21296;0.71795;0.9737
0.7796;0.21629;0.19476;0.7269;0.97693
0.76513;0.22619;0.17509;0.73431;0.98006
0.74976;0.23677;0.15396;0.74017;0.98308
0.7335;0.24802;0.13138;0.74446;0.98594
0.71633;0.25993;0.10738;0.7472;0.98861
0.69828;0.27248;0.081978;0.74839;0.99108
0.67934;0.28565;0.055227;0.74807;0.9933
0.65953;0.29944;0.02723;0.74628;0.99525
0.63887;0.31382;0;0.74306;0.99691
0.61737;0.32877;0.023517;0.73849;0.99824
0.59507;0.34425;0.055141;0.73263;0.99921
0.57199;0.36024;0.087966;0.72557;0.99981
0.54815;0.37672;0.12182;0.71742;1
0.52361;0.39365;0.15659;0.70827;0.99976
0.4984;0.411;0.19218;0.69823;0.99906
0.47256;0.42873;0.22847;0.68744;0.99788
0.44615;0.44681;0.26536;0.67602;0.9962
0.41922;0.46522;0.30271;0.66411;0.99399
0.39183;0.44859;0.3404;0.65186;0.99124
0.36405;0.4691;0.3783;0.6394;0.98792
0.33595;0.48984;0.41628;0.62688;0.98402
0.30761;0.51076;0.45418;0.61447;0.97952
0.27914;0.53184;0.49188;0.60231;0.9744
0.25063;0.55302;0.52921;0.59056;0.96865
0.22224;0.57428;0.56603;0.57937;0.96226
0.19413;0.59556;0.6022;0.56889;0.95522
0.16652;0.61684;0.63757;0.55926;0.94752
0.13974;0.63807;0.672;0.55064;0.93916
0.11427;0.65921;0.70534;0.54316;0.93013
0.090878;0.68023;0.73745;0.53695;0.92044
0.070807;0.70109;0.76821;0.53214;0.9101
0.056015;0.72175;0.79749;0.52886;0.8991
0.048918;0.74218;0.82516;0.52721;0.88746
0.050984;0.76234;0.85112;0.52731;0.87519
0.061224;0.7822;0.87526;0.54134;0.86232
0.077064;0.80173;0.89748;0.54491;0.84884
0.096132;0.8209;0.9177;0.55034;0.8348
0.11685;0.83968;0.93583;0.55769;0.82022
0.13827;0.85803;0.95182;0.56703;0.80513
0.15981;0.87593;0.96559;0.5784;0.78955
0.18109;0.89336;0.97711;0.59184;0.77354
0.20188;0.91028;0.98634;0.6074;0.75712
0.22198;0.92668;0.99324;0.62509;0.74035
0.24128;0.94253;0.99779;0.64493;0.72326
0.25965;0.95781;1;0.66692;0.70591
0.27702;0.9725;0.99986;0.69108;0.68834
0.29332;0.98657;0.99738;0.7174;0.67062
0.30849;1;0.99259;0.74585;0.65279
